7.750000000000000000e+03 2.146785205498671356e-01
8.000000000000000000e+03 1.823637731411554830e-01
8.250000000000000000e+03 1.512669286928137735e-01
8.500000000000000000e+03 1.205493029619920664e-01
8.750000000000000000e+03 9.328111440342912175e-02
9.000000000000000000e+03 6.757153310932617618e-02
9.250000000000000000e+03 4.408624611255629322e-02
9.500000000000000000e+03 2.291782225832639242e-02
9.750000000000000000e+03 3.868863598851857155e-03
1.000000000000000000e+04 -1.289792315014071100e-02
1.025000000000000000e+04 -2.757470562976094275e-02
1.050000000000000000e+04 -4.062486425220868114e-02
1.075000000000000000e+04 -5.220856712175214742e-02
1.100000000000000000e+04 -6.201074584935595269e-02
1.125000000000000000e+04 -7.039000345408452652e-02
1.150000000000000000e+04 -7.781993168449674592e-02
1.175000000000000000e+04 -8.512867332374274287e-02
1.200000000000000000e+04 -9.134107792066115117e-02
1.250000000000000000e+04 -1.031580186653543452e-01
1.300000000000000000e+04 -1.147599823797398333e-01
