7.500000000000000000e+03 2.151799384355307376e-01
7.750000000000000000e+03 1.754727734459549104e-01
8.000000000000000000e+03 1.375570910938483937e-01
8.250000000000000000e+03 1.045781948366044656e-01
8.500000000000000000e+03 7.245274703729465138e-02
8.750000000000000000e+03 4.389494061133869529e-02
9.000000000000000000e+03 1.835723645694220529e-02
9.250000000000000000e+03 -3.870628078178617315e-03
9.500000000000000000e+03 -2.276648387112478744e-02
9.750000000000000000e+03 -3.887953671564137181e-02
1.000000000000000000e+04 -5.233334410537493486e-02
1.025000000000000000e+04 -6.419081867999021362e-02
1.050000000000000000e+04 -7.330277577668553590e-02
1.075000000000000000e+04 -8.243656755560058169e-02
1.100000000000000000e+04 -8.979846608856334456e-02
1.125000000000000000e+04 -9.467902198980993056e-02
