7.500000000000000000e+03 2.331505283126630301e-01
7.750000000000000000e+03 1.958315349106940495e-01
8.000000000000000000e+03 1.610088963135489770e-01
8.250000000000000000e+03 1.278363042850125808e-01
8.500000000000000000e+03 9.775461868004553523e-02
8.750000000000000000e+03 6.930348518066120622e-02
9.000000000000000000e+03 4.330218944220054489e-02
9.250000000000000000e+03 1.987041198472483394e-02
9.500000000000000000e+03 0.000000000000000000e+00
9.750000000000000000e+03 -1.882114029133874489e-02
1.000000000000000000e+04 -3.421283626470705830e-02
1.025000000000000000e+04 -4.690145279592827787e-02
1.050000000000000000e+04 -5.849299926667883565e-02
1.075000000000000000e+04 -6.854458537183005795e-02
1.100000000000000000e+04 -7.602558674243709014e-02
1.125000000000000000e+04 -8.399506558120539701e-02
1.150000000000000000e+04 -9.050514691818656310e-02
1.175000000000000000e+04 -9.700076628253950783e-02
1.200000000000000000e+04 -1.026988004244416830e-01
1.250000000000000000e+04 -1.139617936753013483e-01
1.300000000000000000e+04 -1.247916747528362569e-01
