7.500000000000000000e+03 1.935809030474716641e-01
7.750000000000000000e+03 1.553774511356826871e-01
8.000000000000000000e+03 1.175346804210015694e-01
8.250000000000000000e+03 8.202635263613022865e-02
8.500000000000000000e+03 4.865936196622444587e-02
8.750000000000000000e+03 2.032540983787189948e-02
9.000000000000000000e+03 -4.321910886185387213e-03
9.250000000000000000e+03 -2.514714408841223214e-02
9.500000000000000000e+03 -4.260023043464133963e-02
9.750000000000000000e+03 -5.704563066670853555e-02
1.000000000000000000e+04 -6.895135427414444962e-02
