7.750000000000000000e+03 1.314355964736652060e-01
8.000000000000000000e+03 9.311109152712981896e-02
8.250000000000000000e+03 5.963960806472901055e-02
8.500000000000000000e+03 2.558304547100354043e-02
8.750000000000000000e+03 -2.151338487688225776e-03
9.000000000000000000e+03 -2.581243641098518449e-02
9.250000000000000000e+03 -4.543121244426251426e-02
9.500000000000000000e+03 -6.159355434704261167e-02
9.750000000000000000e+03 -7.486013224138410305e-02
1.000000000000000000e+04 -8.601886627876731417e-02
