7.500000000000000000e+03 8.273769510260251536e-01
7.750000000000000000e+03 6.849333657278364740e-01
8.000000000000000000e+03 5.535229248811859293e-01
8.250000000000000000e+03 4.341940254152092393e-01
8.500000000000000000e+03 3.269567151427992258e-01
8.750000000000000000e+03 2.318778516232242737e-01
9.000000000000000000e+03 1.470320662082755803e-01
9.250000000000000000e+03 7.038787181493688649e-02
9.500000000000000000e+03 0.000000000000000000e+00
9.750000000000000000e+03 -6.571054870975956419e-02
1.000000000000000000e+04 -1.276312793908971344e-01
1.025000000000000000e+04 -1.864863160373104733e-01
1.050000000000000000e+04 -2.419298348612315408e-01
1.075000000000000000e+04 -2.946957863584742654e-01
1.100000000000000000e+04 -3.458421341172766006e-01
1.125000000000000000e+04 -3.941402462262786344e-01
1.150000000000000000e+04 -4.407158981257737196e-01
1.175000000000000000e+04 -4.850261703074849606e-01
1.200000000000000000e+04 -5.278003052544235629e-01
1.250000000000000000e+04 -6.077792238688815019e-01
1.300000000000000000e+04 -6.811144397358788183e-01
