7.500000000000000000e+03 8.109331261204175689e-01
7.750000000000000000e+03 6.692834306216042251e-01
8.000000000000000000e+03 5.388918441044197039e-01
8.250000000000000000e+03 4.224940638384353520e-01
8.500000000000000000e+03 3.184586213793920706e-01
8.750000000000000000e+03 2.257020605363919685e-01
9.000000000000000000e+03 1.424893347078679540e-01
9.250000000000000000e+03 6.675796663273558806e-02
9.500000000000000000e+03 -3.228179212939608078e-03
9.750000000000000000e+03 -6.905693177267835381e-02
1.000000000000000000e+04 -1.309473359978099438e-01
1.025000000000000000e+04 -1.892790663480994340e-01
1.050000000000000000e+04 -2.449324354921103009e-01
1.075000000000000000e+04 -2.976225697518373181e-01
1.100000000000000000e+04 -3.481589646645488756e-01
1.125000000000000000e+04 -3.975384843830909176e-01
