7.750000000000000000e+03 7.013121585634749522e-01
8.000000000000000000e+03 5.688332933993009988e-01
8.250000000000000000e+03 4.466145596417945285e-01
8.500000000000000000e+03 3.383521979620454090e-01
8.750000000000000000e+03 2.405670460691524681e-01
9.000000000000000000e+03 1.532780735915082460e-01
9.250000000000000000e+03 7.468495560419796675e-02
9.500000000000000000e+03 2.996825886988574439e-03
9.750000000000000000e+03 -6.332277616749593108e-02
1.000000000000000000e+04 -1.254149349736906061e-01
1.025000000000000000e+04 -1.838892343129572282e-01
1.050000000000000000e+04 -2.391993462795340974e-01
1.075000000000000000e+04 -2.918445735674026764e-01
1.100000000000000000e+04 -3.424532081954083651e-01
1.125000000000000000e+04 -3.910818537903821834e-01
1.150000000000000000e+04 -4.378152942304964768e-01
1.175000000000000000e+04 -4.822276992569243248e-01
1.200000000000000000e+04 -5.252582105913248256e-01
1.250000000000000000e+04 -6.058680348559306594e-01
1.300000000000000000e+04 -6.794917509353055607e-01
