7.750000000000000000e+03 6.348354799269060322e-01
8.000000000000000000e+03 5.095444005751730288e-01
8.250000000000000000e+03 3.974477968570582220e-01
8.500000000000000000e+03 2.980602995694994206e-01
8.750000000000000000e+03 2.087585592697109860e-01
9.000000000000000000e+03 1.278185050538596101e-01
9.250000000000000000e+03 5.329877922790871025e-02
9.500000000000000000e+03 -1.602423724993684573e-02
9.750000000000000000e+03 -8.073940987520700219e-02
1.000000000000000000e+04 -1.417940957149497194e-01
