7.500000000000000000e+03 7.920129239325603976e-01
7.750000000000000000e+03 6.537760932597223018e-01
8.000000000000000000e+03 5.256953609142414052e-01
8.250000000000000000e+03 4.109507332959907444e-01
8.500000000000000000e+03 3.095035039208653416e-01
8.750000000000000000e+03 2.187325665959605203e-01
9.000000000000000000e+03 1.368499082870471284e-01
9.250000000000000000e+03 6.149757283087353699e-02
9.500000000000000000e+03 -8.399396047515494956e-03
9.750000000000000000e+03 -7.321014353336607883e-02
1.000000000000000000e+04 -1.348901305929715022e-01
